SURVEY: FOUNDATION
SNTYPE: 1
SNID: AT2017ya
RA: 4.1854289
DECL: 15.3420694
MWEBV: 0.0447 +- 0.0022
FILTERS: griz
SPEC_CLASS: SNIa-norm
REDSHIFT_HELIO: 0.0699603
REDSHIFT_CMB: 0.06870635395799796
REDSHIFT_FINAL: 0.06913642904252115
SEARCH_PEAKMJD: 57788.22729
HOST_LOGMASS: 10.198
VPEC: -121.520
VPEC_ERR: 250.000
PIXSIZE: 0.25  # arcsec

###########################
NOBS: 12
NVAR: 8
VARLIST:      MJD    FLT   FIELD      FLUXCAL     FLUXCALERR       MAG    MAGERR   PSF
OBS:  57788.22688      g_PS1    NULL     5448.417        271.666    18.159     0.054  3.27
OBS:  57794.23421      g_PS1    NULL     3990.214        396.646    18.498     0.107  3.13
OBS:  57800.23048      g_PS1    NULL     2521.569        218.474    18.996     0.094  2.92
OBS:  57788.22729      r_PS1    NULL     6604.192        231.465    17.950     0.038  2.37
OBS:  57794.23463      r_PS1    NULL     5236.357        280.172    18.202     0.058  3.04
OBS:  57800.23091      r_PS1    NULL     3409.087        174.897    18.668     0.055  2.45
OBS:  57788.22763      i_PS1    NULL     3646.886        246.378    18.595     0.073  2.28
OBS:  57794.23497      i_PS1    NULL     2299.015        521.784    19.096     0.245  4.77
OBS:  57800.23125      i_PS1    NULL     1670.957        194.630    19.443     0.126  2.39
OBS:  57788.22798      z_PS1    NULL     3059.286        316.181    18.786     0.112  2.25
OBS:  57794.23531      z_PS1    NULL     2981.395        440.247    18.814     0.159  4.03
OBS:  57800.23160      z_PS1    NULL     1252.820        282.622    19.755     0.244  2.37
END:
