SURVEY: FOUNDATION
SNTYPE: 1
SNID: ATLAS16eej
RA: 358.0707031
DECL: -22.7555329
MWEBV: 0.0177 +- 0.0009
FILTERS: griz
SPEC_CLASS: SNIa-norm
REDSHIFT_HELIO: 0.049372
SIGMA_Z: 0.0001250
REDSHIFT_CMB: 0.048267573991885415
REDSHIFT_FINAL: 0.0478802238580665
SEARCH_PEAKMJD: 57762.22484
HOST_LOGMASS: -9999.0
HOST_LOGMASS_ERR: -9999.0
HOST_LOGSFR: -9999.0
HOST_LOGSFR_ERR: -9999.0
VPEC: 142.107
VPEC_ERR: 250.000
PIXSIZE: 0.25  # arcsec

###########################
NOBS: 12
NVAR: 8
VARLIST:      MJD    FLT   FIELD      FLUXCAL     FLUXCALERR       MAG    MAGERR   PSF
OBS:  57762.22484      g_PS1    NULL    14605.313        292.760    17.089     0.022  1.99
OBS:  57766.22560      g_PS1    NULL    12992.817        345.795    17.216     0.029  2.83
OBS:  57776.23315      g_PS1    NULL     6505.527        177.776    17.967     0.030  2.40
OBS:  57762.22527      r_PS1    NULL    14100.300        256.965    17.127     0.020  1.81
OBS:  57766.22602      r_PS1    NULL    11709.477        264.174    17.329     0.024  2.36
OBS:  57776.23358      r_PS1    NULL     8182.141        169.596    17.718     0.022  1.77
OBS:  57762.22561      i_PS1    NULL     7190.660        169.692    17.858     0.026  1.52
OBS:  57766.22637      i_PS1    NULL     6064.157        226.205    18.043     0.040  2.44
OBS:  57776.23392      i_PS1    NULL     3840.781        131.279    18.539     0.037  1.57
OBS:  57762.22596      z_PS1    NULL     6006.151        190.265    18.054     0.034  1.52
OBS:  57766.22672      z_PS1    NULL     5999.768        240.990    18.055     0.043  1.93
OBS:  57776.23427      z_PS1    NULL     3515.743        187.170    18.635     0.058  1.58
END:
